RAB5A	RAB5A	100.000	215	0	0	1	215	1	215	5.49e-164	451
HACE1	HACE1	100.000	909	0	0	1	909	1	909	0.0	1902
HACE1	HACE1	100.000	871	0	0	1	871	1	871	0.0	1821
HACE1	HACE1	100.000	865	0	0	1	865	1	865	0.0	1807
HACE1	HACE1	100.000	879	0	0	1	879	1	879	0.0	1840
HACE1	HACE1	100.000	875	0	0	1	875	1	875	0.0	1828
RABEP2	RABEP2	100.000	585	0	0	1	585	1	585	0.0	1135
RABEP2	RABEP2	100.000	477	0	0	1	477	1	477	0.0	929
RAB4A	RAB4A	100.000	218	0	0	1	218	1	218	6.91e-165	454
RAB4A	RAB4A	100.000	234	0	0	1	234	1	234	6.18e-177	486
RAB4A	RAB4A	100.000	234	0	0	1	234	1	234	6.18e-177	486
RAB4A	RAB4A	100.000	234	0	0	1	234	1	234	6.18e-177	486
